4294967279,114
4294967279,113
4294967279,112
4294967279,111
4243767290,0
4294967279,125
4294967279,124
4294967279,123
4294967279,122
4294967279,121
4294967279,120
4294967279,119
4294967279,118
4294967279,117
4294967279,116
4294967279,115
4294967278,192
12,4
4294967278,191
12,3
12,2
12,1
4294967278,512
4294967278,190
4294967294,21
4294967294,160
4294967294,168
4294967294,74
4294967294,164
4243767290,3
4243767290,2
4294967294,120
4294967294,450
4294967294,444
4294967279,313
4294967278,189
4294967294,18
4294967294,127
4294967294,14
4294967294,126
4294967294,20
4294967294,13
4294967279,129
4294967279,128
4294967279,127
4294967279,126
4294967278,319
4294967279,312
4294967278,187
4294967279,131
4294967279,130
4294967279,311
4294967278,318
4294967278,5
4294967278,4
4294967279,132
4294967279,310
4294967278,185
4294967278,10
4294967278,9
4294967278,8
4294967278,7
4294967278,6
4294967279,309
4294967278,317
4294967279,308
4294967278,183
4294967279,307
4294967278,316
4294967279,306
4294967278,315
4294967279,305
4294967278,314
4294967278,313
4294967279,304
4294967278,178
4294967278,312
4294967279,303
4294967278,176
4294967278,18
4294967278,17
4294967278,16
4294967278,15
4294967278,14
4294967278,13
4294967278,12
4294967278,11
4294967278,311
4294967279,302
4294967278,173
4294967278,37
4294967278,36
4294967278,35
4294967278,34
4294967278,33
4294967278,32
4294967278,31
4294967278,30
4294967278,29
4294967278,28
4294967278,27
4294967278,26
4294967278,25
4294967278,24
4294967278,23
4294967278,22
4294967278,21
4294967278,20
4294967278,19
4294967279,27
4294967279,25
4294967279,24
4294967279,23
4294967279,22
4294967279,21
4294967279,19
4294967279,18
4294967279,15
4294967279,13
4294967279,11
4294967279,10
4294967294,80
4294967294,174
4294967294,919
4294967294,918
4294967294,917
4294967294,916
4294967294,966
4294967294,911
4294967294,912
4294967294,965
4294967294,909
4294967294,908
4294967294,902
4294967294,960
4294967294,961
4294967294,401
4294967294,388
4294967294,36
4294967294,39
4294967294,421
4294967294,161
4294967294,182
4294967294,176
4294967294,173
4294967294,170
4294967294,190
4294967294,162
4294967294,967
4294967294,898
4294967294,97
4294967294,166
4294967294,189
4294967294,184
4294967294,384
4294967294,185
4294967294,104
4294967294,106
4294967294,169
4294967294,183
4294967294,163
4294967294,1413
4294967278,170
4294967278,169
4294967278,168
4294967278,167
11,4
4294967278,166
11,3
11,2
11,1
4294967278,310
4294967278,165
4294967278,164
4294967278,163
10,4
10,3
10,2
10,1
4294967279,301
4294967278,162
4294967278,161
4294967279,300
4294967278,309
4294967279,299
4294967278,308
4294967278,158
4294967278,307
4294967279,298
4294967294,31
4294967294,12
4294967294,428
4294967278,157
4294967294,950
4294967294,392
4294967294,390
4294967294,389
4294967294,115
4294967294,2
4294967278,306
4294967278,305
4294967279,297
4294967278,304
4294967294,42
4294967279,296
4294967278,303
4294967278,153
4294967294,393
4294967294,43
4294967279,295
4294967278,152
4294967278,302
9,4
9,3
9,2
9,1
4294967279,294
4294967279,293
4294967294,52
4294967294,51
4294967294,88
4294967294,87
4294967294,85
4294967294,22
4294967294,99
4294967294,76
4294967294,83
4294967294,82
4294967294,107
4294967294,468
4294967294,7
4294967294,6
7,4
7,3
7,2
7,1
4294967278,301
4294967278,0
4294967279,141
0,7
4294967294,424
4294967294,469
4294967294,91
4294967294,92
4294967294,11
4294967294,5
4294967278,132
4294967278,131
4294967278,130
4294967278,129
4294967278,128
4294967278,127
4294967278,126
4294967278,125
4294967278,124
4294967278,123
4294967278,122
4294967278,121
4294967278,120
4294967278,119
4294967278,118
4294967278,117
4294967278,116
4294967278,115
4294967278,114
4294967278,113
4294967278,112
4294967278,111
4294967278,110
4294967278,109
4294967278,108
4294967278,107
4294967278,106
4294967278,105
4294967278,104
4294967278,103
4294967278,102
4294967278,101
4294967278,100
4294967278,99
4294967278,98
4294967278,97
4294967278,96
